
         BeOH fitted potential energy surfaces / July 2015
         1st and 2nd excited states; Renner pair

IACT      0
CHARGE    0   0   0
ZELEC      0
MASSES 1       1.00782505     17.99916100      9.0121822
LAST ISOT      -1.0            -1.0            -1.0
JM+V2M+MBA   5  12  12  20  20  12  12   0   0   24000.0       24000.0
XLAMB           1.00000000
XMULTI          2.00000000
UNSYMM
RE12       1  0.94278870D+00 1  0.13950472D+01
AA1        0  0.22000000D+01 0  0.17599727D+01
G1         0  0.00000000D+00 0  0.00000000D+00
G11        1  0.49005466D+05 1  0.47112775D+05
G13        0  0.00000000D+00
G111       0 -0.44211135D+03 0 -0.83739970D+02
G113       0  0.00000000D+00 0  0.00000000D+00
G1111      0  0.00000000D+00 0  0.00000000D+00
G1113      0  0.00000000D+00 0  0.00000000D+00
G1133      0  0.00000000D+00
GA1        1 -0.90624030D+04
GA2        1  0.78107162D+04
GA3        1  0.13292548D+04
GA4        0 -0.12572495D+03
GA5        0  0.00000000D+00
GA6        0  0.00000000D+00
GA7        0  0.00000000D+00
GA8        0  0.00000000D+00
G1A1       1  0.87291704D+03 1 -0.16915735D+05
G2A1       1  0.12427369D+05 1  0.24005450D+04
G3A1       0  0.00000000D+00 1  0.26290393D+04
G4A1       0  0.00000000D+00 0 -0.14596534D+04
G1A11      0 -0.31404142D+04 1 -0.43023256D+04
G2A11      0  0.15469468D+05 1  0.24574994D+04
G3A11      0  0.00000000D+00 0  0.54246579D+03
G1A13      0  0.00000000D+00
G2A13      0  0.00000000D+00
G3A13      0  0.00000000D+00
G1A111     0  0.00000000D+00 0 -0.87306040D+03
G2A111     0  0.00000000D+00 0  0.76859156D+03
G1A113     0  0.00000000D+00 0  0.00000000D+00
G2A113     0  0.00000000D+00 0  0.00000000D+00
GA1111     0  0.00000000D+00 0  0.00000000D+00
GA1113     0  0.00000000D+00 0  0.00000000D+00
GA1133     0  0.00000000D+00
HA1        1 -0.19570215D+04
HA2        1  0.39083272D+04
HA3        0 -0.33901801D+03
HA4        1  0.15303633D+04
HA5        0  0.00000000D+00
HA6        0  0.00000000D+00
HA7        0  0.00000000D+00
HA8        0  0.00000000D+00
H1A1       0  0.33456553D+04 1 -0.20438932D+05
H2A1       0 -0.23877890D+04 1  0.71369653D+04
H3A1       0  0.00000000D+00 0 -0.79638732D+03
H4A1       0  0.00000000D+00 0 -0.18917609D+03
H1A11      0  0.12853227D+04 1 -0.16820005D+05
H2A11      0 -0.12006303D+05 1  0.24409514D+05
H3A11      0  0.00000000D+00 1 -0.97410421D+04
H1A13      0  0.00000000D+00
H2A13      0  0.00000000D+00
H3A13      0  0.00000000D+00
H1A111     0  0.00000000D+00 1 -0.30719154D+04
H2A111     0  0.00000000D+00 0  0.13431058D+04
H1A113     0  0.00000000D+00 0  0.00000000D+00
H2A113     0  0.00000000D+00 0  0.00000000D+00
HA1111     0  0.00000000D+00 0  0.00000000D+00
HA1113     0  0.00000000D+00 0  0.00000000D+00
HA1133     0  0.00000000D+00
XLZ11      0  0.00000000D+00
XLZ12      0  0.00000000D+00
XLZ13      0  0.00000000D+00
XLZ14      0  0.00000000D+00
XLZ21      0  0.00000000D+00
XLZ22      0  0.00000000D+00
XLZ23      0  0.00000000D+00
XLZ24      0  0.00000000D+00
XLZI1      0  0.00000000D+00
XLZI2      0  0.00000000D+00
XLZI3      0  0.00000000D+00
XLZI4      0  0.00000000D+00
AS0        0         13.4
AS1        0  0.00000000D+00
AS2        0  0.00000000D+00
AS3        0  0.00000000D+00
AS4        0  0.00000000D+00
AS01       0  0.00000000D+00 0  0.00000000D+00
AS11       0  0.00000000D+00 0  0.00000000D+00
AS21       0  0.00000000D+00 0  0.00000000D+00
AS31       0  0.00000000D+00 0  0.00000000D+00
AS011      0  0.00000000D+00 0  0.00000000D+00
AS111      0  0.00000000D+00 0  0.00000000D+00
AS211      0  0.00000000D+00 0  0.00000000D+00
AS013      0  0.00000000D+00
AS113      0  0.00000000D+00
AS213      0  0.00000000D+00
NATTS       30
RHOMAX      2.5
ETRIAL      100.0            400.0
PNM1       0.100000000D-31
NSTINT    2000
NSERIN      40
NSERP        2
NSERQ        9
NSTNIN     200
R12BEG      0.50000000D+00
R12END      0.50000000D+01
R32BEG      0.50000000D+00
R32END      0.50000000D+01
NSTSTR    2500
THRSH1      0.10000000D-05
THRSH2      0.10000000D-05
THRSH3      1.00000000D+20
THRSH4      0.10000000D+00
THRSH5      0.10000000D-03
ITEST        0
PRTINT     100
   -1 -1 -1 -1  -1 -1 -1 -1 -1  -1 -1 0.0  0.0
 16 20  1
   0.10
1512  17
1111111111111111000000000000000000000000000000000000000000000000000000000000000000000000000000000000000000000000000000000000000

