
         BeOH fitted potential energy surfaces / July 2015
         1st and 2nd excited states; Renner pair

IACT      0
CHARGE    0   0   0
ZELEC      0
MASSES 1        1.00782505     15.99491463      9.0121822
MASSES 1        2.01410178     15.99491463      9.0121822
LAST ISOT      -1.0            -1.0            -1.0
JM+V2M+MBA   5  12  12  20  20  12  12   0   0   24000.0       24000.0
JM+V2M+MBA   5  12  12  20  20  12  12   0   0   24000.0       24000.0
XLAMB           1.00000000
XMULTI          2.00000000
UNSYMM
RREF12     1  0.92989309E+00 1  0.13941802E+01  
AA1        0  0.22000000E+01 0  0.17599727E+01
Z1         0  0.00000000E+00 0  0.00000000E+00
G11        1  0.52810941E+05 1  0.47487922E+05  
Z13        0  0.00000000E+00
Z111       0 -0.44211135E+03 0 -0.11538494E+03
Z113       0  0.00000000E+00 0  0.00000000E+00
Z1111      0  0.00000000E+00 0  0.00000000E+00
Z1113      0  0.00000000E+00 0  0.00000000E+00
Z1133      0  0.00000000E+00
GA1        1 -0.85472101E+04  
GA2        1  0.79693863E+04  
GA3        1  0.93773254E+03  
GA4        1 -0.64331276E+02  
ZA5        0  0.00000000E+00
ZA6        0  0.00000000E+00
ZA7        0  0.00000000E+00
ZA8        0  0.00000000E+00
G1A1       1 -0.18221499E+05 1 -0.20231049E+05  
Z2A1       0  0.19423419E+05 0  0.79589104E+04  
Z3A1       0  0.00000000E+00 0  0.40995981E+03
Z4A1       0  0.00000000E+00 0 -0.14596534E+04
Z1A11      0 -0.14883412E+05 0  0.50585048E+04
Z2A11      0  0.15469468E+05 0 -0.54709831E+04
Z3A11      0  0.00000000E+00 0  0.54246579E+03
Z1A13      0  0.00000000E+00
Z2A13      0  0.00000000E+00
Z3A13      0  0.00000000E+00
Z1A111     0  0.00000000E+00 0 -0.87306040E+03
Z2A111     0  0.00000000E+00 0  0.76859156E+03
Z1A113     0  0.00000000E+00 0  0.00000000E+00
Z2A113     0  0.00000000E+00 0  0.00000000E+00
ZA1111     0  0.00000000E+00 0  0.00000000E+00
ZA1112     0  0.00000000E+00 0  0.00000000E+00
ZA1133     0  0.00000000E+00
HA1        1 -0.21077800E+04  
HA2        1  0.67298565E+04  
HA3        1 -0.32659058E+04  
HA4        1  0.26833422E+04  
ZA5        0  0.00000000E+00
ZA6        0  0.00000000E+00
ZA7        0  0.00000000E+00
ZA8        0  0.00000000E+00
H1A1       1 -0.11967549E+05 1 -0.23419183E+05  
Z2A1       0 -0.23877890E+04 0  0.11422061E+05
Z3A1       0  0.00000000E+00 0 -0.79638732E+03
Z4A1       0  0.00000000E+00 0 -0.14131003E+04
Z1A11      0  0.12853227E+04 0 -0.67643697E+04
Z2A11      0 -0.12006303E+05 0  0.12966755E+05
Z3A11      0  0.00000000E+00 0 -0.74561833E+04
Z1A13      0  0.00000000E+00
Z2A13      0  0.00000000E+00
Z3A13      0  0.00000000E+00
Z1A111     0  0.00000000E+00 0 -0.28686710E+04
Z2A111     0  0.00000000E+00 0  0.13431058E+04
Z1A113     0  0.00000000E+00 0  0.00000000E+00
Z2A113     0  0.00000000E+00 0  0.00000000E+00
ZA1111     0  0.00000000E+00 0  0.00000000E+00
ZA1112     0  0.00000000E+00 0  0.00000000E+00
ZA1133     0  0.00000000E+00
XLZ11      0          0.0
XLZ12      0          0.0
XLZ13      0          0.0
XLZ14      0          0.0
XLZ21      0          0.0
XLZ22      0          0.0
XLZ23      0          0.0
XLZ24      0          0.0
XLZI1      0          0.0
XLZI2      0          0.0
XLZI3      0          0.0
XLZI4      0          0.0
AS0        0         13.4
AS1        0          0.0
AS2        0          0.0
AS3        0          0.0
AS4        0          0.0
AS01       0          0.0
AS11       0          0.0
AS21       0          0.0
AS31       0          0.0
AS011      0          0.0 
AS111      0          0.0
AS211      0          0.0
AS013      0          0.0
AS113      0          0.0
AS213      0          0.0
NATTS       30
RHOMAX      2.5
ETRIAL      100.0            400.0
PNM1       0.100000000D-31
NSTINT    2000
NSERIN      40
NSERP        2
NSERQ        9
NSTNIN     200
R12BEG      0.50000000D+00
R12END      0.50000000D+01
R32BEG      0.50000000D+00
R32END      0.50000000D+01
NSTSTR    2500
THRSH1      0.10000000D-05
THRSH2      0.10000000D-05
THRSH3      1.00000000D+20
THRSH4      0.10000000D+00
THRSH5      0.10000000D-03
ITEST        0
PRTINT     100
   -1 -1 -1 -1  -1 -1 -1 -1 -1  -1 -1 0.0  0.0
 16 20  1
   0.10
1512  17
1111111111111111000000000000000000000000000000000000000000000000000000000000000000000000000000000000000000000000000000000000000

