
         NCS  POINTS FROM Tsuneo Hirano / June 2014  
         Doublet-Pi state  Isotopologue 14-12-34      

IACT      0
CHARGE    0   0   0
ZELEC       
MASSES 1       14.00307400     12.00000000      33.9678670
LAST ISOT      -1.0            -1.0            -1.0
JM+V2M+MBA   3  18  18  26  26  18  18   0   0   24000.0       24000.0
XLAMB           1.00000000
XMULTI          2.00000000
UNSYMM
RREF12     1  0.11776966E+01 1  0.16334674E+01
AA1        0  0.24330000E+01 0  0.18850000E+01
Z1         0  0.00000000E+00 0  0.00000000E+00
Z11        1  0.63906376E+05 1  0.33422295E+05
Z13        1  0.14842128E+05
Z111       1 -0.12519266E+04 0  0.00000000E+00
Z113       1  0.13427427E+05 1 -0.97688486E+04
Z1111      0  0.00000000E+00 1  0.17450004E+05
Z1113      1  0.37538000E+05 0  0.00000000E+00
Z1133      1  0.39165545E+05
ZA1        1  0.15003902E+05
ZA2        1  0.21957185E+04
ZA3        0  0.20000000E+05
ZA4        0  0.00000000E+00
ZA5        0  0.00000000E+00
ZA6        0  0.00000000E+00
ZA7        0  0.00000000E+00
ZA8        0  0.00000000E+00
Z1A1       1 -0.78429302E+04 1 -0.13898312E+05
Z2A1       0  0.00000000E+00 1 -0.12868590E+05
Z3A1       0  0.00000000E+00 0  0.00000000E+00
Z4A1       0  0.00000000E+00 0  0.00000000E+00
Z1A11      1  0.31316682E+04 1  0.48298023E+04
Z2A11      0  0.00000000E+00 0  0.00000000E+00
Z3A11      0  0.00000000E+00 0  0.00000000E+00
Z1A13      1 -0.79361096E+04
Z2A13      0  0.00000000E+00
Z3A13      0  0.00000000E+00
Z1A111     0  0.00000000E+00 1  0.15030504E+05
Z2A111     0  0.00000000E+00 0  0.00000000E+00
Z1A113     0  0.00000000E+00 0  0.00000000E+00
Z2A113     0  0.00000000E+00 0  0.00000000E+00
ZA1111     0  0.00000000E+00 0  0.00000000E+00
ZA1112     0  0.00000000E+00 0  0.00000000E+00
ZA1133     0  0.00000000E+00
ZA1        1  0.20981439E+05
ZA2        1  0.50781486E+04
ZA3        0  0.20000000E+05
ZA4        0  0.00000000E+00
ZA5        0  0.00000000E+00
ZA6        0  0.00000000E+00
ZA7        0  0.00000000E+00
ZA8        0  0.00000000E+00
Z1A1       1 -0.10806165E+05 1 -0.21067253E+05
Z2A1       0  0.00000000E+00 1 -0.20766652E+05
Z3A1       0  0.00000000E+00 0  0.00000000E+00
Z4A1       0  0.00000000E+00 0  0.00000000E+00
Z1A11      1 -0.37580904E+04 0  0.00000000E+00
Z2A11      0  0.00000000E+00 0  0.00000000E+00
Z3A11      0  0.00000000E+00 0  0.00000000E+00
Z1A13      1  0.31227399E+04
Z2A13      0  0.00000000E+00
Z3A13      0  0.00000000E+00
Z1A111     0  0.00000000E+00 0  0.00000000E+00
Z2A111     0  0.00000000E+00 0  0.00000000E+00
Z1A113     0  0.00000000E+00 0  0.00000000E+00
Z2A113     0  0.00000000E+00 0  0.00000000E+00
ZA1111     0  0.00000000E+00 0  0.00000000E+00
ZA1112     0  0.00000000E+00 0  0.00000000E+00
ZA1133     0  0.00000000E+00
XLZ11      0          0.0
XLZ12      0          0.0
XLZ13      0          0.0
XLZ14      0          0.0
XLZ21      0          0.0
XLZ22      0          0.0
XLZ23      0          0.0
XLZ24      0          0.0
XLZI1      0          0.0
XLZI2      0          0.0
XLZI3      0          0.0
XLZI4      0          0.0
AS0        0       -340.9
AS1        0          0.0
AS2        0          0.0
AS3        0          0.0
AS4        0          0.0
AS01       0          0.0
AS11       0          0.0
AS21       0          0.0
AS31       0          0.0
AS011      0          0.0 
AS111      0          0.0
AS211      0          0.0
AS013      0          0.0
AS113      0          0.0
AS213      0          0.0
NATTS       30
RHOMAX      2.5
ETRIAL      100.0            400.0
PNM1       0.100000000D-31
NSTINT    2000
NSERIN      40
NSERP        2
NSERQ        9
NSTNIN     200
R12BEG      0.50000000D+00
R12END      0.50000000D+01
R32BEG      0.50000000D+00
R32END      0.50000000D+01
NSTSTR    2500
THRSH1      0.10000000D-05
THRSH2      0.10000000D-05
THRSH3      1.00000000D+20
THRSH4      0.10000000D+00
THRSH5      0.10000000D-03
ITEST        0
PRTINT     100
   -1 -1 -1 -1  -1 -1 -1 -1 -1  -1 -1 0.0  0.0
